0
C:\Users\steff\Desktop\Milky Way 10.8.2020\Lights\IMG_3020.Info.txt [12.08.2020 11:56:03]
C:\Users\steff\Desktop\Milky Way 10.8.2020\Lights\IMG_3021.Info.txt [12.08.2020 11:56:07]
C:\Users\steff\Desktop\Milky Way 10.8.2020\Lights\IMG_3021.CR2
Bicubic(0.00074338181323829050084,0.99947031835158173241,0.0007434073741522939649,-0.0060404588137799031244,0.00014068934645727892985,-0.0017090003124129449219,0.0093993664450593428228,0.020885314158077150637,-0.040167241147699428439,-0.00027515264698241281849,0.0012313050512513523671,-0.0043063894314592232604,-0.015336165649702415692,0.022626624130133166091,0.030779693011290021332,-0.017955563495313242584,0.00036465396449046182797,0.00089292296975562734929,0.99976166091860163565,-0.014656824229073883714,-0.0042056166508515069324,-0.00121306391914544065,0.044442793510551581448,0.032707473777087159306,-0.10051841632808589111,0.0029564712117391422908,0.0007287813587260050241,-0.030917553234132810758,-0.019444521209040388499,0.070792087993481800368,0.061095776428224723986,-0.043640084937180745328,5202,3464)
C:\Users\steff\Desktop\Milky Way 10.8.2020\Lights\IMG_3022.Info.txt [12.08.2020 11:56:10]
C:\Users\steff\Desktop\Milky Way 10.8.2020\Lights\IMG_3022.CR2
Bicubic(0.00037248104820153480482,0.99933335737297457335,0.00031672088805789755384,-0.0059219650771140663892,-6.8358723246841890386e-05,-0.0011858867394654026839,0.018163879225269852213,0.0230916914824348396,-0.068213127865419664886,-2.0240717660602314254e-05,0.00098278057580269972959,-0.013690971421652875506,-0.018020265205819896437,0.050162520856702030869,0.053227200362186977145,-0.038765599500408143285,0.00027298224211940152334,0.0016730529919433134722,0.99866275316353192437,-0.0086108384253869019176,-0.0040144283146252845995,0.0036406971866460580145,0.024678165520413131162,0.0031466726331643712911,-0.027858112174442339892,0.0023621570819445381062,-0.0028362763145288738542,-0.014908648893914744349,0.0030928594716499446804,0.018336537043836642624,0.010073153305626192378,-0.0083361366936003378214,5202,3464)
C:\Users\steff\Desktop\Milky Way 10.8.2020\Lights\IMG_3023.Info.txt [12.08.2020 11:56:14]
C:\Users\steff\Desktop\Milky Way 10.8.2020\Lights\IMG_3023.CR2
Bicubic(2.4063353101528434097e-06,0.99919811172268946375,-0.00092033920536183089212,0.0049418487457977278154,0.00056311426068367254061,0.0013008319584848493378,-0.011311100519790784347,-0.003749886574169636333,0.0091411187217005362982,-0.00053735761507001100767,-0.00033663649940862683252,0.0073106028584142279669,-0.0017104313888616218264,-0.0069630360063825946781,0.0033967822361269384146,-0.0010879686026470380966,0.00021530424582116066551,0.0015719856756695460565,0.99923183024489126147,-0.0089180640486397066979,-0.0021355991354109482572,0.0021966863968874150714,0.019558110344934931391,0.0096193453401376416423,-0.031645777809906405764,0.0009661435162515163988,-0.0017649985837892012697,-0.011532269986663123973,-0.0029511855495139016625,0.02073264339102820486,0.015490228397380789715,-0.011238561857629392193,5202,3464)
C:\Users\steff\Desktop\Milky Way 10.8.2020\Lights\IMG_3024.Info.txt [12.08.2020 11:56:17]
C:\Users\steff\Desktop\Milky Way 10.8.2020\Lights\IMG_3024.CR2
Bicubic(-0.000438596620129091605,0.99909544715772924395,0.00053589213980753669375,-0.0031038481367051673487,0.001324247451068849557,-0.0032164831543628480404,0.0013453090483181995296,0.019975462919102682235,-0.025393595432916526988,-0.0011484161655079816455,0.0026676321132221847421,8.0410291740662387383e-05,-0.017071567161492495757,0.010622150505170679935,0.023232211665877855467,-0.0097346926921701992796,0.00010576004688907670453,0.0019658235116138123022,0.99998196461330324247,-0.011842910843832044065,-0.0039790894567139356575,0.00013711128670013117414,0.035179190456098297091,0.019117280853736318136,-0.072022086398753515368,0.0027515009247837118878,-0.00020158236788692107666,-0.024737627142382478951,-0.0093967641475876106938,0.05288341441723787284,0.041604671417754701679,-0.032069693919416053518,5202,3464)
C:\Users\steff\Desktop\Milky Way 10.8.2020\Lights\IMG_3026.Info.txt [12.08.2020 11:56:24]
C:\Users\steff\Desktop\Milky Way 10.8.2020\Lights\IMG_3026.CR2
Bicubic(-0.0011430252458351358724,0.99881423291925042207,-0.0032147428453186410735,0.024061203391372742999,0.0015952990410048606407,0.005337297696512255385,-0.050709827858447908966,-0.048502790675506446405,0.10871651708875518239,-0.0011384201563755524944,-0.0023548152520004306254,0.03049267176649905764,0.0249579671489494892,-0.069824098022966296639,-0.058303629726959016466,0.03911871099088326531,7.6437367953335715043e-05,0.0019703435039710448518,0.99946589666902296845,0.0015691335761269797899,-0.0024638063686175382117,0.002231631720150284437,0.00095047664370362383579,-0.021758723484283315486,0.025876044440741097219,0.001786741917088940923,-0.0014760674432400255895,-0.0024208557459122204136,0.021571700736604304538,-0.010014542115147406776,-0.031328587359767290366,0.013626354925556416475,5202,3464)
C:\Users\steff\Desktop\Milky Way 10.8.2020\Lights\IMG_3027.Info.txt [12.08.2020 11:56:27]
C:\Users\steff\Desktop\Milky Way 10.8.2020\Lights\IMG_3027.CR2
Bicubic(-0.0020913769045963915422,0.99931322757323759465,-0.0030450349106381224829,0.008854340460827003767,0.00035102358359873075955,0.0015946703329916545044,-0.0062793408357144642196,0.009201050023413870349,-0.040571845141890605646,-0.00053138772105620901698,0.00084418444315081941909,-0.0032574014850617061256,-0.019250590254800137302,0.03663592282295979885,0.051410025774869083648,-0.03636936166396331771,-2.665098584088941569e-05,0.0037820460141755607442,1.0017499724824268093,-0.02221758339199464416,-0.0034389955283710138545,-0.0016633463338080467508,0.055537327483254017579,0.036549575696451341855,-0.12342620202877441216,0.0021273552608622181559,0.00083564798323354505527,-0.039686972732438263733,-0.018039923280543490591,0.093955238683530950539,0.073247240164718618871,-0.059237326655660282881,5202,3464)
C:\Users\steff\Desktop\Milky Way 10.8.2020\Lights\IMG_3029.Info.txt [12.08.2020 11:56:34]
C:\Users\steff\Desktop\Milky Way 10.8.2020\Lights\IMG_3029.CR2
Bicubic(-0.0030745973177103988819,0.9999347999872109094,-0.004443753511852388538,0.027196089110844923198,0.00036611013774623391015,0.0060500453026854916772,-0.057252620381204266664,-0.052249908134470501864,0.1274054736942602517,-0.00054370283994464863042,-0.002342780144524048147,0.03013871356748509811,0.027441826805230107311,-0.077712064432120087076,-0.077558650427377529013,0.052853647285704852266,-0.00011830830574983677774,0.0037593049571999492819,1.000145479257745329,-0.0046494602807896079355,-0.0012980033343963359727,0.0038795306195088530288,0.0052069631324780374371,-0.011739809359289310464,0.010524861049468370311,0.00056897146132967035825,-0.0028496886799834753035,-0.003765017833309514117,0.012592460910642699901,-0.0023876095035966216074,-0.01600001238284320948,0.0061994678621708487753,5202,3464)
C:\Users\steff\Desktop\Milky Way 10.8.2020\Lights\IMG_3031.Info.txt [12.08.2020 11:56:40]
C:\Users\steff\Desktop\Milky Way 10.8.2020\Lights\IMG_3031.CR2
Bicubic(-0.0035549394695563079141,0.99910740538840647762,-0.0065549811884085817937,0.041419130834105644112,0.0019302270252255226968,0.0093670851869764870656,-0.084639757694748851691,-0.082887428955292108412,0.19319536074564780392,-0.0016266732252129545433,-0.003952801391413962584,0.046817884958693767317,0.045797305339323912676,-0.12038816199121527006,-0.11984034493653439313,0.081315074396247410959,-0.0001849871791680512273,0.005036330519053489746,1.0008070796131731672,-0.014136490805928048076,-0.0025411081484998099267,0.002474874782095293213,0.031613656004912726871,0.018930874565635136264,-0.078929916363506436028,0.0013596136079259413254,-0.0017580116746481744272,-0.023184679175257016936,-0.01136012839739386493,0.061701796368591743658,0.054355958658899083957,-0.043598843657036923105,5202,3464)
C:\Users\steff\Desktop\Milky Way 10.8.2020\Lights\IMG_3032.Info.txt [12.08.2020 11:56:44]
C:\Users\steff\Desktop\Milky Way 10.8.2020\Lights\IMG_3032.CR2
Bicubic(-0.0041264405006861976793,0.99953474910274964227,-0.0066821315157725713618,0.045476464238667801965,0.0022659282601746877361,0.010088124899032990811,-0.10244617621100360338,-0.096074727026703499178,0.24448432620317817054,-0.0019661059694181803881,-0.0044204085964532069397,0.060054216706063812126,0.05496026918676477635,-0.1598294538464699599,-0.15518763462603146763,0.10891229015797421198,-0.00029586527996777051142,0.0045350579207593388897,0.99866165224142711132,0.013921823740108862921,-0.00013288002053296610327,0.0093386955482301914344,-0.043114785301327174238,-0.067538297364578170345,0.14489798982546631123,-0.00032976129257775155246,-0.0063392762119036660806,0.029535529539984395342,0.051186141128198414663,-0.09459143345480924836,-0.1075912218910559659,0.068302380034424459154,5202,3464)
C:\Users\steff\Desktop\Milky Way 10.8.2020\Lights\IMG_3033.Info.txt [12.08.2020 11:56:47]
C:\Users\steff\Desktop\Milky Way 10.8.2020\Lights\IMG_3033.CR2
Bicubic(-0.0045231020321931728057,0.99964639995586579424,-0.0048733578165867097454,0.025962005183945535691,0.0013687981018990491577,0.002837742258587017119,-0.048063813922937015377,-0.028515306293698472473,0.071268864610175342023,-0.0013582702765289056401,0.0012114085238703609093,0.019285049129585729588,0.0028328702984268261389,-0.035342269439041729129,-0.026056849083147426427,0.01871103850903921284,-0.00043790117528629072521,0.0047051532808948248743,1.0002424373382101663,0.0098574275524896393108,0.0011483944646033528159,0.0059969719706591817499,-0.042058724188478890937,-0.056481604867414603177,0.13964746942852457323,-0.0012140623331933220186,-0.004126566766990524826,0.030139847873407177303,0.043846268410710820262,-0.096548062436227155558,-0.10539597152805413316,0.071264221201630562064,5202,3464)
C:\Users\steff\Desktop\Milky Way 10.8.2020\Lights\IMG_3034.Info.txt [12.08.2020 11:56:50]
C:\Users\steff\Desktop\Milky Way 10.8.2020\Lights\IMG_3034.CR2
Bicubic(-0.0050604028897537145851,0.99954483561672646807,-0.0044902249554750195415,0.033064790564718782306,0.0022160115869912511144,0.0016423366194586730415,-0.071518058470983802977,-0.046818595842565535747,0.13132854159464812938,-0.0017472249417196383803,0.0021437968748481139869,0.035901353056907669981,0.013998999319233762506,-0.079423906946464839507,-0.062462455451514076188,0.04543344416921257789,-0.00036847111490393357966,0.0054552161525473069625,1.0007094079589609059,-0.0018311899400464959342,-0.00022992239263230906943,0.0052881385179441853239,-0.0098621202653452755271,-0.026210253304101982508,0.050758753122930322377,-0.00034472391412304626002,-0.003896798526095479609,0.0081779638520826924974,0.02314979567252384296,-0.034429238319081179043,-0.041577226997377980666,0.026151296320977568399,5202,3464)
C:\Users\steff\Desktop\Milky Way 10.8.2020\Lights\IMG_3035.Info.txt [12.08.2020 11:56:54]
C:\Users\steff\Desktop\Milky Way 10.8.2020\Lights\IMG_3035.CR2
Bicubic(-0.005484725483187954248,0.99915143145719864659,-0.0079708586199331854516,0.057750314097237520627,0.004023219182127391047,0.011438125735548698714,-0.12270583136428925286,-0.11719988461653230161,0.27222900295795682268,-0.0031314233976392769065,-0.0042074526101769649244,0.065499941662114480323,0.062122996855642043101,-0.15972781016520798403,-0.15934852741899874218,0.10085893181702232368,-0.00041894707759714423095,0.0051054417434799118092,0.99958293997508862461,0.01507974762719399564,0.0012266926140561962288,0.0090794147757766729967,-0.038312129660333482661,-0.074156890211824588732,0.13028518981325021286,-0.0009080595686349474116,-0.0063918978086383582138,0.018184559157102597737,0.057800586610255777487,-0.063141326942165676428,-0.1017874531269242766,0.049885877876185702462,5202,3464)
C:\Users\steff\Desktop\Milky Way 10.8.2020\Lights\IMG_3036.Info.txt [12.08.2020 11:56:57]
C:\Users\steff\Desktop\Milky Way 10.8.2020\Lights\IMG_3036.CR2
Bicubic(-0.0058518534459081686383,1.0000016119840942075,-0.0081304765328401584767,0.047388276004030949196,0.0011187179305283956321,0.011228425955883025722,-0.089430757732975152408,-0.092648613340550411976,0.2010313457776575774,-0.0011319721813800309729,-0.0042124336291888830885,0.041397626130431852687,0.04583634141266657025,-0.11165515498985101317,-0.11459414385323540841,0.072658020819947211066,-0.00044918151766130259839,0.0066940891454267958949,0.9995332510585308583,0.0055368752352045191856,-0.0012386228014142908194,0.0092013678541071897143,-0.022548370420231833577,-0.047482009014899517751,0.08093236574143247708,0.00022963455261160170551,-0.0060735482010016994536,0.013428947631425103282,0.036453572966166802871,-0.043864533173547215483,-0.060201674622561540673,0.031021168425766632026,5202,3464)
C:\Users\steff\Desktop\Milky Way 10.8.2020\Lights\IMG_3037.Info.txt [12.08.2020 11:57:00]
C:\Users\steff\Desktop\Milky Way 10.8.2020\Lights\IMG_3037.CR2
Bicubic(-0.0064261318221443776075,0.99977435556036853281,-0.0075326080147772866979,0.044466791038433761685,0.0036976618873276190236,0.0092324846819979988766,-0.09586175504293592553,-0.080264086631707698416,0.20370270317297212159,-0.0032594727516315757931,-0.0027148444327185217162,0.048528059074941509721,0.035468776797767276321,-0.12310460760163977056,-0.11143179150842996705,0.077968618139337309003,-0.00060271728000882429654,0.0083457604533674900615,0.99976864838486312337,-0.004429872325687256307,-0.0054863996908189882618,0.0096573403099728949428,0.013405971449188314182,-0.034233113207378096376,0.026625664734922338539,0.0033369987126155020718,-0.0065191279063663287729,-0.015652244253530511742,0.031629858239554664578,0.0011257200859802196646,-0.038568332547527006682,0.012783734218103859348,5202,3464)
C:\Users\steff\Desktop\Milky Way 10.8.2020\Lights\IMG_3038.Info.txt [12.08.2020 11:57:03]
C:\Users\steff\Desktop\Milky Way 10.8.2020\Lights\IMG_3038.CR2
Bicubic(-0.0069056912711851162895,1.0013885813748579778,-0.016327150835409476315,0.091539654421595173517,-0.00045504688382558278192,0.038367799163541604912,-0.18450230049642613039,-0.2487327066356499472,0.52932577355869625535,-0.00046692691141170250546,-0.023100081156417928696,0.10398972983617582599,0.15520806836667588868,-0.32651938744245967428,-0.34471365096050021748,0.22360718061423767722,-0.00068154037483019727292,0.0089340943697207575447,0.99563852883973824603,0.024316803044289514446,-0.0062597164506374980419,0.024059912324371879322,-0.046192199446053905376,-0.12649516506684221895,0.20572948651667388731,0.0039002498169091737168,-0.01649337252229265971,0.025478304328220957586,0.094095932372482593564,-0.11695580538071226329,-0.15454511932588843592,0.086738321329022483042,5202,3464)
C:\Users\steff\Desktop\Milky Way 10.8.2020\Lights\IMG_3039.Info.txt [12.08.2020 11:57:07]
C:\Users\steff\Desktop\Milky Way 10.8.2020\Lights\IMG_3039.CR2
Bicubic(-0.0072107468027662394161,0.9992542238783319597,-0.017349550296263172022,0.10737896327962470622,0.0049843928656634894914,0.042248108547475071717,-0.2226966094772624416,-0.29536890653334069157,0.63846594247274879308,-0.0040879644273953685829,-0.026173843345765668289,0.12937854293720185694,0.18802280504143098483,-0.4015662745033203862,-0.41986241694328896301,0.27586960346183531101,-0.00071176191041613136312,0.0074250863715371595575,1.0021527012667006407,-0.013444432161247021895,0.0013080582545823560281,0.0053607134942543765987,0.021198770575914238634,-0.011789724468044937566,-0.013357862160319200484,-0.0018140807746358511565,-0.0042351206380004668972,-0.024689633224637574926,0.020414800562107870974,0.042508408508041384266,-0.017062394681943260366,-0.011797692818717564478,5202,3464)
C:\Users\steff\Desktop\Milky Way 10.8.2020\Lights\IMG_3040.Info.txt [12.08.2020 11:57:10]
C:\Users\steff\Desktop\Milky Way 10.8.2020\Lights\IMG_3040.CR2
Bicubic(-0.0076191544213489222764,0.99978842118570643294,-0.021955930915409815896,0.13850792718589843844,0.0033007693449750297177,0.059393361285572154884,-0.28862595288091341672,-0.41714421491128206299,0.9060723560998837911,-0.0029215898007513008139,-0.038867719329254590832,0.17616430293607976409,0.27809803028661406188,-0.59534450693254825637,-0.61783511223407572288,0.42002460969963095749,-0.00080030522033409251265,0.0089572214194713339896,1.0025500356801084756,-0.021015912365033528886,-0.0034208038672267626623,0.0021181829515413141962,0.050056066356717110466,0.022672934907937758453,-0.11356962347102239619,0.0017888328745647719131,-0.0011122603648248130526,-0.044465260975954379319,-0.0097572225313840021954,0.10616253593363467189,0.066043247175713304387,-0.064653862926888905349,5202,3464)
C:\Users\steff\Desktop\Milky Way 10.8.2020\Lights\IMG_3041.Info.txt [12.08.2020 11:57:13]
C:\Users\steff\Desktop\Milky Way 10.8.2020\Lights\IMG_3041.CR2
Bicubic(-0.008022710796165500452,0.99969335152258775867,-0.018912365441780654152,0.11538330291466891708,0.003600897717287887545,0.043509176554616502131,-0.22892550230781694154,-0.29841826261777271156,0.6162406356460223833,-0.0031178407624890547289,-0.02599450925930035794,0.12641558108397532578,0.18417985922900470541,-0.36544585020885733684,-0.39342992242114860346,0.24398782911686112129,-0.00084682953172266275943,0.0086348509959289915239,0.99881740423719778121,0.013442746440547992393,-0.0020710609068669838528,0.013355871070658054123,-0.037519636513913212639,-0.073848454319367817789,0.12394822606086108863,0.00087039272234021303198,-0.0084926278145225353455,0.02065602406666577906,0.052793741815960970598,-0.067457956800581087009,-0.086494970336801202393,0.045693104840708542724,5202,3464)
C:\Users\steff\Desktop\Milky Way 10.8.2020\Lights\IMG_3042.Info.txt [12.08.2020 11:57:16]
C:\Users\steff\Desktop\Milky Way 10.8.2020\Lights\IMG_3042.CR2
Bicubic(-0.0085923579001895063895,1.0016139634782874612,-0.018593125265312759886,0.10657425419020682966,-0.001011753135320758723,0.042153935412349241574,-0.20498175618179725888,-0.28163449520300787299,0.58111519176017623067,0.00013183407874806096771,-0.024736890153235435719,0.1077352341430195537,0.17340696153891599351,-0.34126314213875730275,-0.37712333342841475314,0.23518963630817779631,-0.00087855642521005332043,0.0087596171727210569991,1.0012647056699122139,0.00067083375322751770398,-0.0016378447558491604497,0.0074884731439235352468,-0.01326673161168567816,-0.040351871725327725926,0.06252777667343423218,0.00072793726776920752997,-0.0047247341358467309647,0.0046419637852070927408,0.031853411351534077767,-0.029802232633244329918,-0.051633842774080562776,0.025807313584792268557,5202,3464)
